{
  "config": null,
  "episodes": [
    {
      "episode_id": "0",
      "scene_id": "/Users/llach/repos/home-robot/data/hssd-hab/scenes-uncluttered/102344457.scene_instance.json",
      "scene_dataset_config": "/Users/llach/repos/home-robot/data/hssd-hab/hssd-hab-uncluttered.scene_dataset_config.json",
      "additional_obj_config_paths": [],
      "start_position": [0, 0, 0],
      "start_rotation": [0, 0, 0, 1],
      "info": {
        "object_labels": {
          "79d4fe8642358909adaa07a8b05793bcdd7f4450_part_10_:0000": "hab2|0",
          "e8d6fdd7c590fec96e683671ce188f4e51a442a7_:0000": "hab2|1"
        }
      },
      "ao_states": {},
      "rigid_objs": [
        [
          "79d4fe8642358909adaa07a8b05793bcdd7f4450_part_10.object_config.json",
          [
            [0.96598, -0.01626, 0.25809, 13.14726],
            [0.01352, 0.99983, 0.01242, 0.41351],
            [-0.25825, -0.00851, 0.96604, -20.41663],
            [0.0, 0.0, 0.0, 1.0]
          ]
        ],
        [
          "e8d6fdd7c590fec96e683671ce188f4e51a442a7.object_config.json",
          [
            [0.41965, -0.01869, 0.90749, 13.04769],
            [0.00235, 0.99981, 0.01951, 0.37714],
            [-0.90768, -0.00605, 0.41961, -20.41615],
            [0.0, 0.0, 0.0, 1.0]
          ]
        ],
        [
          "672c315c0eab6e372c0bec1034aa3cd9a31d5575_part_10.object_config.json",
          [
            [-0.83167, -0.00029, -0.55527, 11.61481],
            [-0.00038, 1.0, 0.00004, 0.80494],
            [0.55527, 0.00024, -0.83167, -22.11261],
            [0.0, 0.0, 0.0, 1.0]
          ]
        ],
        [
          "ff0d0a7fe6e2a685cf03bf6ef2e32ae44d79372d_part_4.object_config.json",
          [
            [-0.36944, 0.00442, -0.92925, 6.0364],
            [0.01174, 0.99993, 0.00009, 0.9531],
            [0.92918, -0.01088, -0.36946, -16.19214],
            [0.0, 0.0, 0.0, 1.0]
          ]
        ],
        [
          "a2b5c83d8ed4b9acc659b4c27cb258d7ffa9d2b7.object_config.json",
          [
            [-0.95815, 0.00003, 0.28628, 4.333],
            [0.00003, 1.0, 0.0, 0.71665],
            [-0.28628, 0.00001, -0.95815, -21.24409],
            [0.0, 0.0, 0.0, 1.0]
          ]
        ]
      ],
      "targets": {
        "79d4fe8642358909adaa07a8b05793bcdd7f4450_part_10_:0000": [
          [0.03608, 0.0, 0.99935, 16.75277],
          [0.0, 1.0, 0.0, 0.65654],
          [-0.99935, 0.0, 0.03608, -10.70486],
          [0.0, 0.0, 0.0, 1.0]
        ],
        "e8d6fdd7c590fec96e683671ce188f4e51a442a7_:0000": [
          [0.91953, 0.0, -0.39303, 11.59867],
          [0.0, 1.0, 0.0, 0.76921],
          [0.39303, 0.0, 0.91953, -21.93215],
          [0.0, 0.0, 0.0, 1.0]
        ]
      },
      "markers": [
        {
          "name": "cab_push_point_7",
          "type": "articulated_object",
          "params": {
            "offset": [0.3, 0.0, 0],
            "link": "drawer1_top",
            "object": "kitchen_counter_:0000"
          }
        },
        {
          "name": "cab_push_point_6",
          "type": "articulated_object",
          "params": {
            "offset": [0.3, 0.0, 0],
            "link": "drawer2_top",
            "object": "kitchen_counter_:0000"
          }
        },
        {
          "name": "cab_push_point_5",
          "type": "articulated_object",
          "params": {
            "offset": [0.3, 0.0, 0],
            "link": "drawer3",
            "object": "kitchen_counter_:0000"
          }
        },
        {
          "name": "cab_push_point_4",
          "type": "articulated_object",
          "params": {
            "offset": [0.3, 0.0, 0],
            "link": "drawer4",
            "object": "kitchen_counter_:0000"
          }
        },
        {
          "name": "fridge_push_point",
          "type": "articulated_object",
          "params": {
            "offset": [0.1, -0.62, 0.2],
            "link": "top_door",
            "object": "fridge_:0000"
          }
        }
      ],
      "target_receptacles": [
        ["7aed5392034e7b465696668a62be741a0f82c212_:0000", null],
        ["7aed5392034e7b465696668a62be741a0f82c212_:0000", null]
      ],
      "goal_receptacles": [
        ["1c3ca195a923c9a2a65f1f73b6d6e3256c768399_:0000", null],
        ["688eb70a1afb2467d04303fe35f9a59ebc47acc1_:0001", null]
      ],
      "name_to_receptacle": {
        "79d4fe8642358909adaa07a8b05793bcdd7f4450_part_10_:0000": "7aed5392034e7b465696668a62be741a0f82c212_:0000|receptacle_mesh_7aed5392034e7b465696668a62be741a0f82c212.0000",
        "e8d6fdd7c590fec96e683671ce188f4e51a442a7_:0000": "7aed5392034e7b465696668a62be741a0f82c212_:0000|receptacle_mesh_7aed5392034e7b465696668a62be741a0f82c212.0000",
        "672c315c0eab6e372c0bec1034aa3cd9a31d5575_part_10_:0000": "688eb70a1afb2467d04303fe35f9a59ebc47acc1_:0001|receptacle_mesh_688eb70a1afb2467d04303fe35f9a59ebc47acc1.0000",
        "ff0d0a7fe6e2a685cf03bf6ef2e32ae44d79372d_part_4_:0000": "a093a5341f0930a9fe1f4e56f337f21e40dbdc21_:0000|receptacle_mesh_a093a5341f0930a9fe1f4e56f337f21e40dbdc21.0000",
        "a2b5c83d8ed4b9acc659b4c27cb258d7ffa9d2b7_:0000": "c20a0e84afd93a3008f0df44bb00a7fc65913557_:0000|receptacle_mesh_c20a0e84afd93a3008f0df44bb00a7fc65913557.0000"
      }
    }
  ]
}
