{
  "config": null,
  "episodes": [
    {
      "episode_id": "0",
      "scene_id": "/Users/llach/repos/home-robot/data/hssd-hab/scenes-uncluttered/102344469.scene_instance.json",
      "scene_dataset_config": "/Users/llach/repos/home-robot/data/hssd-hab/hssd-hab-uncluttered.scene_dataset_config.json",
      "additional_obj_config_paths": [],
      "start_position": [0, 0, 0],
      "start_rotation": [0, 0, 0, 1],
      "info": {
        "object_labels": {
          "46459580a9009ad5aef3b8fac14a86edbf31af6a_:0000": "hab2|0"
        }
      },
      "ao_states": {},
      "rigid_objs": [
        [
          "46459580a9009ad5aef3b8fac14a86edbf31af6a.object_config.json",
          [
            [-0.99229, 0.00072, -0.12393, -3.91029],
            [-0.00092, 0.99991, 0.01323, 0.20005],
            [0.12393, 0.01324, -0.9922, 2.02264],
            [0.0, 0.0, 0.0, 1.0]
          ]
        ],
        [
          "69f561090315afc69e062261a637611b07874b0a.object_config.json",
          [
            [-0.99555, -0.01351, -0.09322, -5.45665],
            [-0.00023, 0.99, -0.14104, 0.48383],
            [0.09419, -0.14039, -0.98561, -3.94602],
            [0.0, 0.0, 0.0, 1.0]
          ]
        ]
      ],
      "targets": {
        "46459580a9009ad5aef3b8fac14a86edbf31af6a_:0000": [
          [0.13407, 0.0, -0.99097, -4.90431],
          [0.0, 1.0, 0.0, 0.4946],
          [0.99097, 0.0, 0.13407, -3.89027],
          [0.0, 0.0, 0.0, 1.0]
        ]
      },
      "markers": [
        {
          "name": "cab_push_point_7",
          "type": "articulated_object",
          "params": {
            "offset": [0.3, 0.0, 0],
            "link": "drawer1_top",
            "object": "kitchen_counter_:0000"
          }
        },
        {
          "name": "cab_push_point_6",
          "type": "articulated_object",
          "params": {
            "offset": [0.3, 0.0, 0],
            "link": "drawer2_top",
            "object": "kitchen_counter_:0000"
          }
        },
        {
          "name": "cab_push_point_5",
          "type": "articulated_object",
          "params": {
            "offset": [0.3, 0.0, 0],
            "link": "drawer3",
            "object": "kitchen_counter_:0000"
          }
        },
        {
          "name": "cab_push_point_4",
          "type": "articulated_object",
          "params": {
            "offset": [0.3, 0.0, 0],
            "link": "drawer4",
            "object": "kitchen_counter_:0000"
          }
        },
        {
          "name": "fridge_push_point",
          "type": "articulated_object",
          "params": {
            "offset": [0.1, -0.62, 0.2],
            "link": "top_door",
            "object": "fridge_:0000"
          }
        }
      ],
      "target_receptacles": [
        ["01d9fff2f701af7d5d40a7a5adad5bf40d4c49c8_:0000", null]
      ],
      "goal_receptacles": [
        ["63fb5e8a8b1a611902d77c642e06215d668b347e_:0000", null]
      ],
      "name_to_receptacle": {
        "46459580a9009ad5aef3b8fac14a86edbf31af6a_:0000": "01d9fff2f701af7d5d40a7a5adad5bf40d4c49c8_:0000|receptacle_mesh_01d9fff2f701af7d5d40a7a5adad5bf40d4c49c8.0000",
        "69f561090315afc69e062261a637611b07874b0a_:0000": "63fb5e8a8b1a611902d77c642e06215d668b347e_:0000|receptacle_mesh_63fb5e8a8b1a611902d77c642e06215d668b347e.0000"
      }
    }
  ]
}
